#SampleID	Cholic_acid	Muricholic_acid	Deoxycholic_acid	Lithocholic_acid	Chonodeoxycholic_acid	Taurine-Cholic_acid	OTU_2	OTU_12	OTU_1	OTU_4	OTU_10	OTU_14	OTU_6	OTU_26	OTU_8	OTU_9	OTU_22	OTU_16	OTU_20	OTU_35	OTU_37	OTU_29	OTU_85	OTU_25	OTU_60	OTU_13	OTU_36	OTU_207	OTU_30	OTU_38	OTU_63	OTU_57	OTU_44	OTU_17	OTU_59	OTU_19	OTU_151	OTU_43	OTU_24	OTU_3	OTU_51	OTU_39	OTU_165	OTU_32	OTU_219
V1.HFW.CD	91.08382773	1120.694705	1423.598945	56.84530321	8.219554395	3.09271498	0	1.550256972	17.75212739	0	2.072626169	0.985761227	3.395399781	0	2.173729885	0	0	2.645547224	1.14584211	0.842530963	0	0	1.423877327	2.451765102	0.985761227	5.93141798	0.985761227	0.893082821	0	0.572921055	0.733001938	0.623472913	1.59238352	0	0.564495745	0.513943887	0	0.67402477	0	16.90117112	0	0	1.14584211	2.030499621	0
V10.HFW.HFD	151.5581171	1368.985856	3519.592368	283.8024545	9.409111678	15.57917511	8.567096285	4.106646449	0	2.274450341	0	2.501895375	1.718473591	0	3.373768006	6.974981046	3.86656558	8.756633813	1.465756887	0	0	2.880970432	0.53070508	0	1.099317665	0	1.832196108	1.187768511	0	1.64265858	0.669699267	1.541571898	0.922415972	3.942380591	0	2.274450341	0	0	2.438716199	1.175132676	2.299722012	3.904473086	1.415213546	0.720242608	2.906242103
V11.HFW.HFD	1028.571004	3329.622948	4355.408455	231.2369806	20.64621367	1315.542112	10.52863436	4.878854626	0	1.640969163	0	2.433920705	0.95814978	0	1.839207048	5.231277533	4.052863436	8.623348018	1.420704846	0	0	1.530837004	1.431718062	0.825991189	2.125550661	0	2.103524229	1.244493392	0	3.557268722	0	1.674008811	0	1.850220264	0	2.797356828	0.594713656	0	3.436123348	0.539647577	3.237885463	3.90969163	1.784140969	0	2.36784141
V12.HFW.CD	773.1665828	2945.613748	1810.557744	165.5790003	12.05827266	1211.813523	0	4.987664915	4.826772498	15.00589939	1.480210233	3.09986056	5.373806715	1.490936394	2.778075727	3.743430226	0.815188244	3.378740749	2.42411241	1.104794594	0.632843505	1.319317816	0	1.533841038	1.287139333	9.181593908	0.943902177	0.825914405	1.104794594	0	1.362222461	0	0.740105116	0.707926633	0.815188244	0	1.308591655	1.791268905	0	2.917515821	0	0	0.643569666	0.665021989	0
V13.SPF.CD	342.5568553	1026.617105	2560.313083	157.2590616	16.90292628	4.361006995	6.296917778	2.508169213	9.944361035	5.758191292	4.371632959	2.69363243	6.332244105	2.976243045	1.722158439	1.466042568	1.695663693	1.898790073	1.174600371	1.262916188	1.0156319	0.997968736	1.130442462	0.971473991	0.671200212	5.49324384	0.565221231	0.591715976	0.794842356	0	1.501368895	0	0.997968736	0	0	0	0	3.938885454	0	0	0.547558068	0	0.644705467	0	0
V14.SPF.CD	227.4375746	1436.135551	2874.451237	153.082888	7.53987672	4.34222191	2.245614035	2.085213033	24.68170426	12.45112782	1.09273183	2.275689223	1.363408521	1.854636591	0.761904762	2.035087719	0	2.305764411	1.062656642	0.691729323	0.751879699	0.681704261	1.573934837	1.92481203	1.674185464	6.305764411	0.501253133	0	0	0.912280702	1.483709273	0	0.601503759	0	0	0	0	2.726817043	0	0	0	0	0.501253133	0	0
V15.SPF.CD	20.17057537	862.6286804	1666.366504	157.8866575	1.166793832	4.026026689	4.256173459	2.740413572	9.425818109	15.43866693	1.887171251	2.780566151	1.375225858	2.198353744	1.867094961	0	0	2.629993977	2.328849629	0.632403132	0.983738205	0.692632002	1.545874322	3.563541458	1.304958844	2.810680586	1.003814495	0	0	0.903433046	1.05400522	0	1.07408151	0	0	0	0	4.416783778	0	0.863280466	0	0	0	0.782975306	0
V16.SPF.CD	65.58988185	1139.587569	1526.03839	85.27143891	2.251785077	141.9742957	4.216016516	1.629903292	32.36987939	7.095512333	0	0.597631207	2.759969575	0.999674019	1.847223731	2.075410192	0	5.596001304	0	0	1.3365207	0.760621536	2.444854939	1.738563512	3.835705748	2.640443334	2.368792785	1.054004129	0	2.977290014	0.869281756	0.684559383	0.641095295	0.597631207	0.619363251	0	0.880147778	0.880147778	0.847549712	0.901879822	1.445180919	0	0.630229273	0	0
V18.SPF.CD	174.1658348	1546.374915	2487.368091	101.2670733	6.781856915	4.443718593	10.78106635	5.855326424	7.233678812	13.49503152	6.560529971	3.953413826	3.387114008	2.884923603	2.681910461	2.842183994	2.713965167	4.295330698	1.987391815	1.645474944	1.399722193	2.286569078	1.463831606	1.549310824	1.282188268	1.848488086	0.993695908	1.079175126	0.769312961	0.737258254	0.972326103	0.747943156	1.453146704	0.726573352	1.153969441	0.587669623	0.641094134	1.239448659	0.662463938	0	0.993695908	0	0	0	0
V19.SPF.HFD	755.6828012	2157.201043	3527.285622	83.28253201	23.09168858	284.8093036	17.92336218	2.527125395	0.604312594	6.345282241	3.255047384	0.535640709	4.161516275	0	3.062766104	1.9228128	0	5.562422744	1.758000275	0	0	1.098750172	6.125532207	0	0.76912512	0	1.194890812	0.659250103	2.101359703	0.590578217	0	0	2.952891086	4.504875704	0	4.916907018	0	0	2.087625326	0	3.035297349	6.070594699	0	0	3.378656778
V2.HFW.HFD	658.884677	3578.276507	4613.709459	243.837327	15.40390613	27.80212954	20.47223886	5.637779109	0	0.812729917	1.283257764	2.540850372	0	0	3.60167679	6.142527162	2.33552913	3.772777825	1.959106853	0	0	3.413465651	0	0.504748054	0	0.752844555	0.641628882	0.787064762	1.180597143	0.607408675	0	1.052271366	1.21481735	1.420138592	0.564633416	0.573188468	0.710069296	0	1.385918385	0	1.762340662	2.215758405	1.035161263	0	0.992386004
V20.SPF.HFD	134.5116952	2038.89837	4556.363049	332.0854687	17.73212243	10.39538856	15.04643963	2.796697626	1.599587203	10.8255934	1.558307534	1.640866873	8.823529412	0	9.969040248	0.567595459	0	3.353973168	3.302373581	0	0	2.703818369	0.784313725	0	0	0.619195046	0.835913313	0	0	0	0.598555212	0	4.922600619	0	0	1.083591331	0	0	0.619195046	0.691434469	1.320949432	1.197110423	0.990712074	0.629514964	0.959752322
V21.SPF.HFD	258.5543231	1316.12489	3578.413007	283.2203594	16.34409441	1242.683853	22.17428818	0.808886972	0.5608283	1.585418464	0	4.367989646	1.650129422	0	1.100086281	2.965918896	0	10.8175151	0	0	0	0	2.858067299	1.110871441	3.019844694	0	2.491371872	1.272648835	1.531492666	0.5608283	0	1.488352028	2.372735116	4.993528904	0	6.956427955	0.657894737	0	1.790336497	0	1.865832614	3.785591027	0.895168248	0	2.243313201
V22.SPF.HFD	839.0187497	2324.535538	3075.966003	190.964702	26.76164065	604.5748971	8.95949166	3.018268467	7.005559968	0.555996823	0.571882446	1.540905481	9.150119142	0	6.592533757	1.795075457	0	8.64177919	0.540111199	0	0	1.366163622	2.430500397	0.698967434	0.58776807	0	1.270849881	1.096108022	2.859412232	0	0.508339952	0.889594917	4.400317712	7.275615568	0	2.605242256	1.111993646	0	0.762509929	0	1.525019857	1.556791104	2.462271644	0.810166799	1.000794281
V24.SPF.HFD	850.7323605	1001.782492	2405.245003	149.0080728	25.01826585	479.5770968	27.10235464	1.153291687	1.412782316	6.122056704	1.220567035	5.85295531	4.584334455	0	2.74867852	1.922152811	0	7.352234503	0.836136473	0	1.412782316	0	2.123978856	0	1.335896204	0	1.393560788	1.105237866	0.672753484	0	0	1.028351754	2.335415666	3.046612206	0	1.633829889	0	0	0.71119654	0	1.364728496	2.123978856	2.412301778	0	1.124459395
V3.HFW.CD	31.1397895	1789.611976	1926.024534	108.8530945	2.053461252	3.385502977	0	5.856885147	8.610944077	2.525556224	9.356584486	3.319302465	3.571858088	0	4.016837041	0	0.67348166	0.577269994	3.102826218	0.709561034	0.685508118	0.757666867	0	0.541190619	0	10.39085989	0	0	0	1.238725195	0.93806374	0	0.553217078	0	1.166566446	0	0	9.116055322	0	2.597714973	0	0	0	3.006614552	0
V4.HFW.HFD	96.57664502	1523.306444	3984.614981	112.880627	4.003302887	65.99887407	10.53579469	4.063484917	0	5.279153534	0	0	1.069338136	0	4.772624944	9.151283206	1.823502927	3.872129671	1.170643854	0	0	3.782080144	0	0.979288609	0	0	1.193156236	0.9905448	3.309320126	1.3619991	0	0.855470509	0.562809545	1.542098154	0	0.709140027	1.226924809	0	4.311121117	0	1.834759118	2.442593426	1.3619991	0	1.564610536
V5.HFW.CD	119.8867088	630.0180439	516.5290252	30.15462371	4.04370028	14.66166975	0	3.63562753	10.4048583	6.825910931	2.056680162	1.190283401	1.344129555	0	1.765182186	1.295546559	0.898785425	1.854251012	2.36437247	1.206477733	0	0	0.736842105	2.153846154	0.753036437	7.004048583	1.336032389	0.574898785	1.546558704	0	0	0	0.607287449	0	0.712550607	0	0	3.408906883	0	18.53441296	0	0	1.052631579	2.234817814	0
V6.HFW.HFD	579.9061871	2402.681093	4847.49889	190.7811141	17.49698357	177.8771346	0	8.557662093	0	8.023462868	1.277888342	3.425159736	1.833036556	0	5.362941238	4.650675605	2.503404211	3.330889285	4.336440767	0.743689117	0	5.918089452	0	0.638944171	0	0.701791139	1.141719912	1.06839845	1.833036556	0	0.733214622	0.722740128	0.848434063	1.351209804	0.565622709	0.900806536	0.900806536	0	2.346286792	0	1.686393632	2.042526448	1.06839845	0.544673719	1.162668901
V7.HFW.CD	57.71566811	836.1962441	548.2798385	27.58194369	2.673041686	120.6086432	0	4.853564192	7.699392153	10.23208694	0.70915454	0.773623135	11.8898508	0	5.820593111	0	0	3.223429729	2.320869405	1.805120648	0	0	1.077546509	1.602505065	1.832750046	1.381469884	1.611714865	0.874930927	0	0.764413336	0	0.672315344	2.965555351	0	1.06833671	0	0	0.874930927	0	17.12101676	0.515748757	0	0.902560324	2.422177197	0
V8.HFW.HFD	1386.557073	3235.026591	4497.418202	139.9994427	28.23419597	106.6889132	13.40035482	3.61916026	0	4.222353637	0	0.508574808	0.733293909	0	3.051448847	10.32525133	1.845062093	6.741573034	1.632170313	0.544056771	0	2.803075103	0	0	0.615020698	0	1.454760497	1.040804258	1.821407451	1.028976937	0	1.667652277	0	1.076286221	0	1.371969249	0.993494973	0	4.376108811	0	2.164399763	3.950325251	1.312832643	0	2.081608516
V9.HFW.CD	24.8246208	1004.331919	1652.638293	197.940666	4.145607777	2.670620576	2.113754723	9.731440825	13.74451139	17.30828143	3.124680895	4.676809966	1.817624834	1.562340447	5.595833759	1.684876953	1.327478811	0.776064536	2.767282753	2.501786991	2.522209742	1.868681711	0	0	0	3.196160523	0	0	0	0	0.878178291	0	0.959869294	0	1.756356581	0	0	0.704584908	0	1.051771674	0	0	0.847544164	0	0
